2 575.2 640.3 -54.0111
4 218.2 487.8 -173.5
5 146.1 272.9 -340.0
6 1206.2 353.9 -146.7
7 127.1 365.2 -82.3
8 1353.3 338.9 -256.8
9 1280.9 298.1 -36.111
11 647.1 560.2 -217.2
12 711.9 409.1 -8.3
13 622.1 696.9 -192.1
14 1239.1 409.9 -187.1
16 715.1 457.1 -179.5
18 550.1 159.9 -226.6
19 774.1 174.9 -140.5
20 662.1 141.1 -258.4
21 1412.1 360.1 -120.9
22 714.1 632.1 -269.3
23 1081.1 359.1 -2.3
24 193.1 362.1 -88.6
25 541.1 532.1 -337.8
27 994.1 412.1 -301.8
28 1454.1 361.1 -122.4
29 1352.1 24.9 -96.3
30 1567.1 717.9 -15.5
31 559.1 289.1 -303.7
32 471.1 346.9 -6.4
33 1138.1 461.1 -335.8
34 840.1 258.1 -326.6
35 843.1 437.1 -141.6
36 1042.1 482.1 -59.2
37 149.1 654.1 -318.3
38 693.1 682.9 -233.2
40 1521.1 48.1 -2.9
41 1229.1 202.1 -109.7
42 1379.1 443.1 -326.1
43 804.1 494.1 -283.3
44 1237.1 623.9 -188.8
45 322.1 477.9 -324.6
46 934.1 427.1 -196.4
47 724.1 541.1 -203.2
49 1182.1 680.1 -265.5
50 629.1 76.1 -238.1
51 63.1 317.1 -232.7
52 612.1 261.1 -120.3
53 1535.1 592.1 -340.2
54 1125.1 203.9 -226.3
55 161.1 257.1 -336.8
56 136.1 555.1 -268.1
57 779.1 337.1 -357.1
58 482.1 73.1 -215.7
59 848.1 354.9 -153.5
60 1619.1 686.9 -45.4
61 1640.1 79.1 -320.4
62 1643.1 30.1 -63.5
63 1632.1 524.9 -126.1
64 1214.1 149.9 -165.4
65 157.1 636.1 -64.8
66 1104.1 644.1 -86.5
67 122.1 486.9 -245.3
68 473.1 658.1 -26.4
70 138.1 174.9 -107.5
71 561.1 385.1 -185.8
72 1652.1 146.9 -238.8
74 1652.1 355.9 -124.8
75 195.1 142.1 -281.3
76 52.1 399.1 -72.9
77 809.1 599.9 -357.8
79 1576.1 491.9 -319.0
80 487.1 738.1 -186.4
81 724.1 208.1 -180.1
82 457.1 291.1 -94.3
83 1044.1 290.9 -222.9
84 1058.1 671.9 -111.2
85 1480.1 349.9 -215.5
86 894.1 608.9 -324.7
87 1499.1 458.9 -61.0
88 430.1 508.9 -280.5
89 1243.1 79.9 -125.7
90 958.1 286.1 -260.6
91 1278.1 440.9 -357.3
92 652.1 322.1 -199.0
93 854.1 660.9 -86.3
95 1049.1 108.9 -168.1
96 1043.1 387.1 -72.9
97 882.1 96.9 -259.9
98 1181.1 128.1 -241.9
99 753.1 280.1 -358.0
100 1632.1 212.1 -324.0
101 1336.1 691.9 -160.1
102 1449.1 699.9 -321.7
103 1494.1 494.9 -173.9
104 1157.1 728.9 -342.3
105 277.1 194.9 -231.7
106 1610.1 128.9 -209.1
107 1652.1 485.9 -282.4
108 76.1 730.9 -86.9
110 1691.1 501.9 -127.2
111 1397.1 191.9 -277.3
112 331.1 520.1 -331.4
113 69.1 236.9 -258.1
114 457.1 20.9 -194.1
115 271.1 387.9 -295.5
116 1135.1 594.9 -193.0
117 405.1 191.9 -293.8
121 807.1 661.9 -294.6
122 295.1 82.9 -327.1
124 343.1 57.1 -175.4
125 920.1 29.1 -97.7
126 470.1 134.1 -349.5
127 812.1 740.1 -233.2
128 1647.1 603.1 -191.6
129 875.1 721.1 -101.1
131 1645.1 743.1 -87.3
132 237.1 225.1 -21.1
133 910.1 283.9 -65.9
134 666.1 446.9 -10.9
135 1031.1 621.1 -58.2
136 726.1 40.1 -155.3
137 1632.1 403.9 -186.8
138 1680.1 458.9 -263.6
139 1526.1 732.9 -209.1
140 320.1 240.9 -295.2
141 407.9 46.1 -126.2
142 957.1 344.1 -291.8
143 1350.1 675.1 -21.5
144 724.1 78.9 -330.7
145 1304.1 164.1 -279.6
146 330.1 269.1 -0.0
147 1412.1 126.9 -326.2
148 362.1 175.9 -255.0
149 504.1 579.9 -62.9
150 415.9 602.1 -112.6
151 73.1 129.9 -85.6
152 561.1 71.1 -280.2
154 209.1 592.9 -184.4
155 920.1 547.1 -318.6
156 649.1 224.1 -58.2
157 1300.1 538.9 -259.6
159 343.1 41.9 -301.3
160 333.1 726.1 -222.6
161 544.1 448.9 -79.3
162 34.1 716.1 -272.3
163 1305.1 624.1 -347.8
165 1439.1 662.1 -228.6
166 1678.1 279.9 -232.5
167 97.1 461.9 -172.2
168 114.1 530.9 -105.8
169 959.1 663.1 -8.8
170 250.1 137.9 -200.2
171 1659.1 35.9 -56.4
172 954.1 110.9 -247.5
173 135.1 47.9 -8.9
174 284.1 307.1 -316.1
175 464.1 412.1 -335.9
176 347.1 359.1 -67.5
178 17.1 347.1 -0.1
179 1586.1 145.1 -58.2
180 577.1 744.1 -10.8
181 365.1 659.1 -223.8
182 412.1 739.9 -77.7
183 941.1 739.9 -167.1
184 1014.1 734.9 -155.0
185 136.1 107.9 -80.6
187 479.1 211.1 -341.1
189 1471.1 116.9 -241.9
190 1341.1 74.1 -267.2
191 53.1 192.1 -299.5
192 1443.1 477.9 -126.7
193 528.1 216.1 -134.5
194 1604.1 415.9 -192.4
195 1308.1 730.1 -300.7
196 1460.1 63.1 -328.9
197 1489.1 157.9 -117.9
198 122.1 15.1 -350.7
199 1010.1 119.1 -85.3
200 1235.1 530.9 -93.6
201 1591.1 230.1 -68.1
202 612.1 324.1 -90.9
203 14.1 64.1 -72.3
204 1071.1 745.1 -295.9
205 1350.1 613.1 -359.8
206 250.1 295.1 -214.2
207 856.1 129.1 -280.3
208 34.1 40.9 -265.6
209 1251.1 690.1 -286.9
210 891.1 165.1 -64.5
211 444.1 212.1 -348.4
212 854.1 25.9 -162.9
213 1473.1 311.9 -256.1
214 1584.1 626.9 -201.6
215 400.1 234.1 -123.9
216 954.1 228.9 -165.4
217 714.1 345.9 -150.0
218 539.1 27.9 -150.3
219 1550.1 344.1 -35.9
220 695.1 329.9 -193.6
221 1034.1 203.1 -79.5
222 1113.1 132.1 -229.2
223 1256.1 212.1 -43.1
224 401.1 128.9 -19.6
225 1233.1 471.9 -272.4
226 1408.1 86.9 -200.8
227 970.1 618.9 -313.1
228 26.1 476.9 -1.9
229 1463.1 529.1 -83.8
230 1473.1 211.1 -172.2
231 318.1 602.1 -351.6
232 1309.1 208.1 -108.2
233 1398.1 629.1 -254.4
234 351.1 642.9 -282.5
235 269.1 566.1 -245.5
237 73.1 654.9 -250.0
238 1274.1 715.9 -18.9
239 1667.1 668.9 -139.1
240 1021.1 691.9 -152.4
241 34.1 464.9 -42.9
242 1176.1 580.9 -59.5
243 693.1 274.1 -279.5
244 1412.1 486.1 -215.0
245 308.1 18.1 -244.6
246 1073.1 452.9 -115.0
247 31.1 553.9 -254.2
248 1689.1 681.9 -214.1
249 1296.1 76.9 -342.8
250 913.1 676.9 -26.4
251 1181.1 498.1 -263.5
252 847.1 170.1 -195.5
253 203.1 15.9 -80.7
254 1554.1 211.1 -57.9
255 300.1 173.1 -350.2
256 18.1 737.1 -20.3
257 973.1 144.9 -191.8
258 959.1 695.1 -69.0
259 142.1 75.1 -188.9
260 1579.1 273.1 -350.6
261 14.1 262.1 -352.1
262 192.1 275.1 -56.6
263 1340.1 143.1 -82.4
264 578.1 20.1 -359.9
266 470.1 477.9 -338.0
267 1326.1 500.9 -5.9
268 1453.1 638.9 -182.3
269 102.1 595.9 -121.3
270 1430.1 20.1 -291.3
271 1125.1 24.9 -96.2
272 15.1 613.1 -254.6
273 1168.1 30.9 -5.2
274 1325.1 21.9 -186.5
275 722.1 244.9 -249.7
276 1005.1 557.1 -137.3
277 236.1 271.9 -7.5
278 370.1 602.1 -51.9
279 293.1 131.9 -263.2
280 1176.1 57.9 -128.4
281 1533.1 399.9 -56.3
282 46.1 648.1 -298.1
283 1526.1 218.9 -124.9
284 59.1 84.9 -236.6
285 1369.1 744.9 -338.9
286 1394.1 576.1 -81.5
287 991.1 207.9 -302.8
288 1474.1 568.9 -227.0
289 1411.1 743.9 -359.0
290 50.1 599.1 -236.9
291 1566.1 455.9 -47.6
292 212.1 690.1 -150.6
293 368.1 745.1 -268.5
294 1290.1 123.1 -152.3
295 1068.1 242.9 -154.6
296 1179.1 609.1 -92.8
297 1006.1 527.9 -116.9
298 387.1 98.1 -94.2
299 1451.1 749.9 -124.7
300 1582.1 568.9 -177.2
301 931.1 607.9 -32.1
302 1474.1 746.9 -342.7
303 1258.1 532.1 -339.4
304 1099.1 420.9 -234.4
305 1383.1 483.9 -122.3
307 17.1 673.9 -294.0
308 17.1 515.9 -119.6
309 915.1 188.9 -128.7
310 1425.1 558.9 -189.4
311 1216.1 17.9 -311.6
312 1554.1 304.9 -193.7
313 495.1 435.9 -198.1
314 96.1 641.9 -67.2
315 947.1 191.9 -112.8
316 1199.1 548.9 -312.2
317 685.1 17.9 -346.8
318 945.1 165.1 -98.0
319 635.1 13.1 -339.1
320 215.1 740.9 -177.4
321 1404.1 528.9 -330.3
322 1357.1 552.9 -100.6
323 1512.1 342.9 -123.5
324 1564.1 410.9 -121.6
325 1018.1 159.9 -116.1
326 1468.1 610.9 -112.0